[gd_scene load_steps=5 format=2]

[ext_resource path="res://terrain_data/data.hterrain" type="Resource" id=1]
[ext_resource path="res://textures/Moss004_2K_Color.jpg" type="Texture" id=2]
[ext_resource path="res://addons/zylann.hterrain/hterrain.gd" type="Script" id=3]
[ext_resource path="res://assets/mini_tank.tscn" type="PackedScene" id=4]

[node name="Spatial" type="Spatial"]

[node name="HTerrain" type="Spatial" parent="."]
script = ExtResource( 3 )
_terrain_data = ExtResource( 1 )
chunk_size = 32
shader_type = "Classic4Lite"
custom_shader = null
shader_params/u_ground_uv_scale = 20
shader_params/u_depth_blending = true
shader_params/u_triplanar = false
shader_params/u_tile_reduction = Plane( 0, 0, 0, 0 )
ground/albedo_bump_0 = ExtResource( 2 )
ground/normal_roughness_0 = null
ground/albedo_bump_1 = null
ground/normal_roughness_1 = null
ground/albedo_bump_2 = null
ground/normal_roughness_2 = null
ground/albedo_bump_3 = null
ground/normal_roughness_3 = null

[node name="mini_tank_preview" parent="." instance=ExtResource( 4 )]
transform = Transform( 1, 0, 0, 0, 0.997154, -0.0753964, 0, 0.0753964, 0.997154, 70.9284, -0.365493, 15.0133 )

[node name="CamPos" type="Position3D" parent="mini_tank_preview"]
transform = Transform( -1, 0, 3.25841e-07, 8.86052e-08, 0.962318, 0.271928, -3.13563e-07, 0.271928, -0.962318, 0, 4.99006, -6.50146 )

[node name="InterpolatedCamera" type="InterpolatedCamera" parent="."]
transform = Transform( -1, 1.77636e-15, -3.25841e-07, -2.37563e-08, 0.997339, 0.0729075, 3.24974e-07, 0.0729075, -0.997339, 74.2322, 20.0832, -19.8654 )
fov = 67.5
target = NodePath("../mini_tank_preview/CamPos")
enabled = true
